檔名,緯度,經度,方位角,Roll,Pitch,altitude
1.jpg,23.8518695,120.9018341,6.58,0.14,1.46,303.77
2.jpg,23.8522810,120.9021166,5.77,-2.24,4.22,301.15
3.jpg,23.8527731,120.9024176,357.26,0.62,7.87,297.61
4.jpg,23.8532626,120.9026811,353.86,-0.33,5.85,300.09
5.jpg,23.8537305,120.9029027,354.87,3.9,5.09,299.29
6.jpg,23.8542253,120.9030747,338.57,0.19,9.69,301.22
7.jpg,23.8546549,120.9031622,334.68,-0.47,2.6,301.67
8.jpg,23.8550658,120.9032124,329.93,1.09,2.4,303.56
9.jpg,23.8554357,120.9032512,325.11,0.83,-0.25,302.98
10.jpg,23.8558214,120.9032908,329.97,2.75,2.14,301.77
11.jpg,23.8562100,120.9033380,329.54,0.4,1.46,299.2
12.jpg,23.8566531,120.9033812,331.04,1.31,4.69,299.84
13.jpg,23.8571093,120.9034260,333.02,1.95,4.3,299.08
14.jpg,23.8575622,120.9034782,334.99,1.65,3.39,300.29
15.jpg,23.8580290,120.9035330,335.97,-0.09,3.83,299.09
16.jpg,23.8585140,120.9035716,337.39,0.61,9.03,296.73
17.jpg,23.8587044,120.9035864,340.58,2.13,9.62,297.44
18.jpg,23.8590966,120.9033111,264.27,-5.71,-0.49,304.55
19.jpg,23.8591437,120.9030335,255.54,0.5,-2.13,304.29
20.jpg,23.8591538,120.9027829,259.35,2.03,-2.6,302.7
21.jpg,23.8591644,120.9024984,264.85,2.76,0.79,300.71
22.jpg,23.8591951,120.9021965,268.62,0.7,5.53,297.56
23.jpg,23.8609440,120.9017801,358.99,1.97,6.22,298.12
24.jpg,23.8620260,120.9037706,100.41,1.5,7.57,302.66
25.jpg,23.8619840,120.9043204,101.36,1.12,7.26,303.34
26.jpg,23.8619744,120.9044103,104.21,0.12,6.53,303.93
27.jpg,23.8619332,120.9049468,92.62,-1.24,1.91,303.88
28.jpg,23.8619088,120.9053983,86.26,0.84,1.31,302.27
29.jpg,23.8609851,120.9063569,203.76,6.6,-4.48,303.93
30.jpg,23.8606808,120.9062972,223.67,3.58,-4.75,303.89
31.jpg,23.8603732,120.9061990,228.95,-0.95,-2.68,302.4
32.jpg,23.8600712,120.9061524,227.5,2.21,-2.03,300.74
33.jpg,23.8597651,120.9061391,225.61,0.71,-0.76,296.92
34.jpg,23.8594774,120.9061397,223.32,0.76,0.22,298.67
35.jpg,23.8592152,120.9061477,225.77,1.42,0.91,298.17
36.jpg,23.8588954,120.9061420,224.08,0.81,1.35,297.87
37.jpg,23.8586212,120.9061402,219.87,1.34,2.96,297.19
38.jpg,23.8585706,120.9061430,219.7,0.82,3.19,296.76
39.jpg,23.8585367,120.9061447,222.31,0.91,3.44,296.32
40.jpg,23.8581989,120.9061461,217.31,-0.66,7.82,295.02
41.jpg,23.8579155,120.9061495,218.19,2.34,4.54,298.17
42.jpg,23.8575935,120.9061501,216.74,4.39,4.45,295.85
43.jpg,23.8572571,120.9061429,211.25,1.06,3.38,301.93
44.jpg,23.8569799,120.9061590,216.52,1.0,1.59,301.26
45.jpg,23.8567037,120.9061682,222.11,1.65,5.06,299.24
46.jpg,23.8563783,120.9061842,218.22,1.86,2.46,300.42
47.jpg,23.8560682,120.9061925,221.26,1.37,5.32,297.57
48.jpg,23.8557636,120.9061832,215.15,1.86,8.28,298.29
49.jpg,23.8554886,120.9061833,212.1,0.33,5.6,299.76
50.jpg,23.8552081,120.9061793,211.92,1.61,6.11,299.35
51.jpg,23.8549162,120.9061741,213.86,-1.31,6.71,298.45
52.jpg,23.8545578,120.9061966,201.43,-4.57,5.75,299.75
53.jpg,23.8542022,120.9063107,188.11,-2.96,7.07,299.71
54.jpg,23.8538321,120.9065200,182.21,1.15,3.69,301.74
55.jpg,23.8534679,120.9067436,181.63,0.44,2.67,302.19
56.jpg,23.8531093,120.9069639,181.31,-0.5,2.43,302.5
57.jpg,23.8530680,120.9069873,177.55,2.46,3.42,303.52
58.jpg,23.8530276,120.9070102,174.78,-0.67,1.61,304.55
59.jpg,23.8514882,120.9074956,221.48,1.86,-4.03,297.83
60.jpg,23.8510602,120.9075728,215.28,2.53,1.32,297.74
61.jpg,23.8506805,120.9076345,221.1,1.69,0.22,300.42
62.jpg,23.8503020,120.9076964,220.86,7.06,-0.28,297.85
63.jpg,23.8501271,120.9077014,218.67,0.4,3.2,295.31
64.jpg,23.8494620,120.9076682,210.74,-0.26,5.62,298.49
65.jpg,23.8492033,120.9076683,217.77,0.01,1.5,300.71
66.jpg,23.8489013,120.9076808,220.17,0.98,0.75,300.12
67.jpg,23.8486183,120.9076946,223.13,1.09,1.51,303.81
68.jpg,23.8483158,120.9077237,217.01,1.54,-5.63,304.89
69.jpg,23.8479530,120.9077885,171.54,6.32,-9.37,304.31
70.jpg,23.8476293,120.9078178,195.99,2.53,1.71,295.61
71.jpg,23.8472900,120.9078360,203.71,0.84,1.18,298.5
72.jpg,23.8469259,120.9078824,214.78,-1.42,-8.34,304.43
73.jpg,23.8466028,120.9079261,220.42,2.95,0.93,296.8
74.jpg,23.8462838,120.9079588,223.4,4.11,2.97,296.54
75.jpg,23.8459516,120.9080026,219.39,2.31,3.79,297.47
76.jpg,23.8456610,120.9080280,216.35,2.08,3.05,297.94
77.jpg,23.8453204,120.9080568,213.01,1.69,4.35,297.97
78.jpg,23.8449934,120.9080796,213.58,2.31,4.9,297.46
79.jpg,23.8446665,120.9080999,210.81,0.95,2.94,299.9
80.jpg,23.8443228,120.9081331,214.69,0.95,0.55,303.13
81.jpg,23.8439930,120.9081839,216.19,-0.39,-0.49,302.63
82.jpg,23.8436361,120.9083040,209.71,1.05,-1.61,301.84
83.jpg,23.8433404,120.9084394,195.51,1.47,0.73,300.49
84.jpg,23.8430005,120.9086170,199.41,1.53,2.47,298.9
85.jpg,23.8426736,120.9087807,196.41,1.68,0.81,300.19
86.jpg,23.8423590,120.9089309,196.72,1.34,1.81,299.18
87.jpg,23.8419918,120.9091069,198.08,0.15,3.22,298.11
88.jpg,23.8416161,120.9092909,197.09,2.02,6.63,298.25
89.jpg,23.8412821,120.9094743,204.08,2.17,2.57,300.1
90.jpg,23.8409997,120.9096276,197.17,1.73,2.53,300.16
91.jpg,23.8407252,120.9097716,205.28,3.72,5.79,297.2
92.jpg,23.8404348,120.9099010,201.89,1.77,5.7,299.31
93.jpg,23.8401713,120.9100259,204.29,1.72,2.94,300.09
94.jpg,23.8399049,120.9101421,202.16,1.84,4.15,299.49
95.jpg,23.8396460,120.9102640,201.47,1.38,3.79,299.73
96.jpg,23.8394018,120.9103798,201.12,2.07,2.98,300.39
97.jpg,23.8391437,120.9105022,204.24,1.77,2.79,299.89
98.jpg,23.8388615,120.9106448,201.78,0.89,1.32,300.84
99.jpg,23.8385480,120.9107965,202.25,1.5,2.28,301.34
100.jpg,23.8382824,120.9109202,207.11,2.07,0.92,300.86
101.jpg,23.8379921,120.9110576,203.4,2.03,4.16,298.58
102.jpg,23.8376933,120.9111988,204.29,0.33,2.95,299.4
103.jpg,23.8374096,120.9113414,203.25,1.55,4.35,298.64
104.jpg,23.8370788,120.9115059,204.86,0.95,5.68,299.21
105.jpg,23.8367752,120.9116569,201.66,1.2,4.63,299.46
106.jpg,23.8364311,120.9118266,203.07,1.22,6.08,299.29
107.jpg,23.8360969,120.9120002,201.29,1.91,3.79,299.91
108.jpg,23.8360273,120.9120352,203.15,1.25,3.61,299.89
109.jpg,23.8355751,120.9126797,131.06,-7.77,2.87,299.92
110.jpg,23.8354923,120.9132790,106.46,1.21,2.05,300.59
111.jpg,23.8354301,120.9138301,96.08,1.67,4.14,299.77
112.jpg,23.8353479,120.9144943,89.64,1.13,4.17,300.64
113.jpg,23.8353413,120.9145645,88.73,3.14,4.58,300.69
114.jpg,23.8353270,120.9147041,89.98,1.84,3.48,300.71
115.jpg,23.8358982,120.9152818,294.04,1.35,-4.6,302.89
116.jpg,23.8361499,120.9151348,290.82,9.58,1.66,300.4
117.jpg,23.8366623,120.9149549,321.12,7.44,4.08,299.14
118.jpg,23.8371235,120.9149397,334.18,6.98,4.86,299.04
119.jpg,23.8375992,120.9149774,336.86,2.96,5.91,299.24
120.jpg,23.8377059,120.9149870,336.33,3.19,5.04,299.31
121.jpg,23.8381932,120.9149929,314.63,-8.95,3.3,300.41
122.jpg,23.8385620,120.9148405,304.31,-4.27,0.02,303.12
123.jpg,23.8388612,120.9146406,304.82,2.0,-1.07,300.82
124.jpg,23.8391176,120.9144291,295.01,0.84,-1.01,301.29
125.jpg,23.8393800,120.9142011,302.58,1.27,2.42,300.02
126.jpg,23.8396575,120.9139688,302.86,1.78,4.14,299.98
127.jpg,23.8399107,120.9137576,308.76,3.13,2.43,301.45
128.jpg,23.8401575,120.9135489,314.58,0.65,0.88,300.43
129.jpg,23.8404381,120.9133173,312.34,2.08,3.19,301.25
130.jpg,23.8406960,120.9131220,313.91,-2.03,-3.34,303.19
131.jpg,23.8409736,120.9128754,314.07,1.37,0.36,299.69
132.jpg,23.8412631,120.9126665,317.24,1.16,2.82,298.26
133.jpg,23.8415344,120.9124734,314.31,3.86,3.75,298.24
134.jpg,23.8418350,120.9122657,314.46,2.8,2.34,299.09
135.jpg,23.8421217,120.9120647,315.36,2.69,2.43,299.04
136.jpg,23.8424632,120.9118979,324.71,5.12,3.85,298.33
137.jpg,23.8429358,120.9118020,335.42,4.9,5.32,299.03
138.jpg,23.8433611,120.9117839,339.67,1.62,4.96,298.92
139.jpg,23.8438232,120.9117895,345.86,-0.1,3.07,299.99
140.jpg,23.8443013,120.9117929,338.39,0.88,1.37,301.06
141.jpg,23.8447259,120.9117977,337.7,1.27,2.58,299.94
142.jpg,23.8451457,120.9118112,337.99,0.83,0.59,300.35
143.jpg,23.8456288,120.9118117,337.35,1.51,1.82,300.31
144.jpg,23.8460810,120.9118135,335.97,0.9,2.85,299.74
145.jpg,23.8465583,120.9118164,334.54,1.23,1.64,300.24
146.jpg,23.8470354,120.9118208,336.76,1.42,1.98,298.76
147.jpg,23.8474649,120.9118253,333.43,1.71,3.62,299.03
148.jpg,23.8478612,120.9118217,334.02,2.21,2.6,299.65
149.jpg,23.8483291,120.9118186,332.6,1.36,3.48,298.23
150.jpg,23.8487807,120.9118078,332.54,0.55,7.21,297.74
151.jpg,23.8492267,120.9117921,333.08,2.82,4.28,299.32
152.jpg,23.8496851,120.9117770,336.54,1.63,4.11,299.59
153.jpg,23.8501297,120.9117588,335.91,2.43,5.17,299.18
154.jpg,23.8506503,120.9117506,342.43,3.09,4.22,301.52
155.jpg,23.8510752,120.9117317,340.97,0.11,-2.44,304.52
156.jpg,23.8514845,120.9116997,333.74,-0.23,-2.42,304.76
157.jpg,23.8527651,120.9113892,325.41,2.61,-5.23,304.26
158.jpg,23.8532699,120.9112869,331.12,0.1,-4.87,299.98
159.jpg,23.8537901,120.9112153,334.21,2.98,0.25,295.03
160.jpg,23.8543195,120.9111580,335.7,1.49,3.14,295.53
161.jpg,23.8549375,120.9111095,335.46,-1.06,4.98,295.9
162.jpg,23.8554037,120.9110495,332.77,1.54,2.02,299.02
163.jpg,23.8558612,120.9109843,329.38,0.67,-0.6,300.62
164.jpg,23.8563424,120.9109088,330.71,2.6,0.38,301.49
165.jpg,23.8567170,120.9108451,327.83,2.29,-1.86,300.23
166.jpg,23.8571202,120.9107607,325.63,1.06,3.14,297.77
167.jpg,23.8575336,120.9106974,328.45,1.78,2.76,297.05
168.jpg,23.8579231,120.9106387,327.89,-0.78,2.71,298.2
169.jpg,23.8583201,120.9105652,330.09,4.16,3.95,299.11
170.jpg,23.8587225,120.9104985,333.11,1.88,3.96,298.46
171.jpg,23.8591762,120.9104350,332.11,0.46,4.57,298.53
172.jpg,23.8595821,120.9103741,333.28,1.34,5.33,298.4
173.jpg,23.8599863,120.9103169,328.83,1.41,2.94,299.03
174.jpg,23.8603934,120.9102521,333.04,0.6,5.37,298.65
175.jpg,23.8607991,120.9101864,329.0,1.73,4.22,299.61
176.jpg,23.8620116,120.9105917,35.88,8.39,6.37,299.14
177.jpg,23.8623508,120.9110071,46.78,1.65,6.27,297.09
178.jpg,23.8626942,120.9114823,45.1,2.74,6.52,303.29
179.jpg,23.8627515,120.9115583,43.1,1.62,5.01,304.74
180.jpg,23.8631068,120.9120268,32.6,4.22,-3.88,304.61
181.jpg,23.8634158,120.9124522,32.21,1.28,2.62,300.66
182.jpg,23.8637145,120.9128741,31.12,1.09,3.89,298.27
183.jpg,23.8640318,120.9133754,39.39,0.83,3.33,299.68
184.jpg,23.8643184,120.9138880,38.19,1.81,2.05,301.53
185.jpg,23.8646354,120.9144253,38.93,1.93,2.69,297.28
186.jpg,23.8649867,120.9150477,37.82,1.61,6.8,300.61
187.jpg,23.8659919,120.9160784,341.55,-5.27,-3.87,301.7
188.jpg,23.8664443,120.9162039,340.16,0.05,-3.46,299.71
189.jpg,23.8669440,120.9163201,348.45,4.26,1.53,296.67
190.jpg,23.8674497,120.9164801,356.41,2.21,2.44,297.45
191.jpg,23.8679493,120.9166607,359.92,1.13,4.06,298.39
192.jpg,23.8684582,120.9168433,0.54,1.74,4.42,298.8
193.jpg,23.8688719,120.9169935,359.1,0.92,4.38,296.35
194.jpg,23.8693870,120.9171696,0.74,1.0,9.15,296.35
195.jpg,23.8699021,120.9173427,0.91,0.39,6.33,299.91
196.jpg,23.8703149,120.9174947,1.77,-0.08,3.06,298.56
197.jpg,23.8708580,120.9187888,86.58,8.56,8.1,300.64
198.jpg,23.8708223,120.9192860,98.59,2.63,7.71,299.89
199.jpg,23.8707670,120.9197368,97.64,1.38,6.73,302.54
200.jpg,23.8707016,120.9202018,99.0,1.21,4.14,300.96
201.jpg,23.8706429,120.9206927,97.92,1.66,0.85,301.92
202.jpg,23.8706092,120.9211106,94.53,7.31,0.66,302.57
203.jpg,23.8705106,120.9215022,113.89,5.9,1.16,302.45
204.jpg,23.8703120,120.9218686,129.33,1.54,0.58,303.35
205.jpg,23.8702253,120.9219956,136.75,5.21,-1.47,304.05
206.jpg,23.8701740,120.9220636,140.06,2.63,-2.62,304.64
207.jpg,23.8699269,120.9223673,157.97,-0.2,-5.81,304.25
208.jpg,23.8696547,120.9226612,170.63,4.06,-5.03,302.72
209.jpg,23.8694079,120.9228916,175.01,-4.07,-2.35,301.1
210.jpg,23.8691689,120.9231720,171.33,0.17,-5.36,302.3
211.jpg,23.8689303,120.9234667,177.82,0.94,-5.37,300.6
212.jpg,23.8686548,120.9237384,181.97,-1.5,-2.77,300.97
213.jpg,23.8684037,120.9239956,178.38,1.01,-4.08,302.19
214.jpg,23.8683414,120.9240644,178.93,2.8,-5.65,302.4
215.jpg,23.8683121,120.9240984,173.23,-0.03,-6.91,301.92
216.jpg,23.8682688,120.9241491,177.3,1.45,-5.72,299.87
217.jpg,23.8675036,120.9249931,160.54,1.87,4.4,296.71
218.jpg,23.8672399,120.9252893,162.71,0.53,3.44,298.4
219.jpg,23.8669613,120.9255946,163.47,1.42,2.2,299.96
220.jpg,23.8666913,120.9259062,166.68,3.22,-0.6,302.3
221.jpg,23.8664161,120.9262244,162.3,-0.04,-0.1,301.34
222.jpg,23.8661591,120.9265301,165.75,1.41,0.48,299.62
223.jpg,23.8658853,120.9268521,166.32,1.5,2.06,299.52
224.jpg,23.8656220,120.9271566,167.86,1.48,2.69,299.11
225.jpg,23.8653419,120.9274713,168.0,0.52,3.91,296.36
226.jpg,23.8650635,120.9277806,158.3,1.9,7.59,297.76
227.jpg,23.8648054,120.9280689,165.3,2.02,4.3,299.85
228.jpg,23.8645543,120.9283480,166.99,1.68,2.96,300.41
229.jpg,23.8642583,120.9289333,124.88,-4.11,-0.71,302.12
230.jpg,23.8642357,120.9294785,97.82,-1.07,-2.65,302.78
231.jpg,23.8642687,120.9300165,81.68,1.86,-1.47,301.23
232.jpg,23.8642875,120.9305398,75.09,2.98,-1.24,302.55
233.jpg,23.8643043,120.9310669,69.27,1.03,-1.48,301.55
234.jpg,23.8643299,120.9317136,69.28,1.52,3.75,300.42
235.jpg,23.8643566,120.9323178,67.76,2.48,2.08,299.13
236.jpg,23.8643671,120.9329106,68.12,0.18,0.48,300.64
237.jpg,23.8643809,120.9334735,68.5,2.31,-0.01,301.46
238.jpg,23.8643866,120.9339740,65.91,3.49,-1.22,301.68
239.jpg,23.8643861,120.9345070,61.99,1.17,-2.8,302.55
240.jpg,23.8643911,120.9346305,57.5,1.93,-5.3,301.69
241.jpg,23.8643820,120.9352272,70.52,5.47,2.13,298.29
242.jpg,23.8642697,120.9357300,87.44,4.45,4.14,297.49
243.jpg,23.8640975,120.9362123,100.01,2.4,2.72,297.93
244.jpg,23.8639028,120.9366702,110.39,2.63,3.66,297.94
245.jpg,23.8637141,120.9370826,109.93,1.6,3.72,299.76
246.jpg,23.8635116,120.9375016,113.91,0.89,0.26,299.88
247.jpg,23.8633239,120.9379129,113.52,1.25,1.31,299.65
248.jpg,23.8631430,120.9383270,111.12,0.97,0.44,301.22
249.jpg,23.8629744,120.9387130,110.95,1.46,-1.48,301.5
250.jpg,23.8627807,120.9391747,113.97,1.24,-1.15,301.27
251.jpg,23.8626156,120.9395877,111.29,1.69,-1.63,300.59
252.jpg,23.8624569,120.9399766,112.15,3.3,-0.84,299.58
253.jpg,23.8622474,120.9403201,134.58,7.7,3.95,298.83
254.jpg,23.8619108,120.9405703,158.25,8.22,2.88,299.82
255.jpg,23.8615880,120.9407426,184.97,5.0,-1.14,302.8
256.jpg,23.8612982,120.9408704,198.9,4.49,-0.04,300.24
257.jpg,23.8610523,120.9409373,211.28,1.23,-0.47,299.91
258.jpg,23.8607769,120.9410021,212.74,2.0,-1.1,300.46
259.jpg,23.8605428,120.9410591,212.33,9.34,0.47,298.4
260.jpg,23.8603040,120.9410252,238.02,3.58,4.92,297.05
261.jpg,23.8601055,120.9408695,251.21,2.3,6.46,297.31
262.jpg,23.8599846,120.9407079,255.14,1.33,4.91,298.18
263.jpg,23.8598892,120.9405276,257.18,-0.43,2.67,297.96
264.jpg,23.8597820,120.9403080,261.39,0.92,6.92,298.94
265.jpg,23.8596885,120.9400724,254.73,-2.61,6.08,299.85
266.jpg,23.8596060,120.9398906,257.86,0.5,2.85,298.2
267.jpg,23.8594883,120.9396573,256.8,1.71,9.17,299.37
268.jpg,23.8593959,120.9394365,255.99,0.97,4.35,300.29
269.jpg,23.8592884,120.9392192,250.09,1.12,6.5,299.72
270.jpg,23.8591938,120.9390208,258.54,2.67,4.26,298.88
271.jpg,23.8590729,120.9387581,255.47,1.02,7.12,299.56
272.jpg,23.8589777,120.9385448,258.71,-1.78,4.68,300.52
273.jpg,23.8588587,120.9383415,254.58,3.0,5.46,297.54
274.jpg,23.8587200,120.9380449,257.6,2.04,5.09,300.18
275.jpg,23.8585839,120.9377615,256.73,2.36,7.4,301.37
276.jpg,23.8584774,120.9375234,258.82,-0.57,4.39,300.53
277.jpg,23.8583659,120.9372645,260.0,1.79,5.34,300.87
278.jpg,23.8582487,120.9370313,255.24,2.26,3.52,300.7
279.jpg,23.8581289,120.9367933,261.39,0.8,6.15,299.52
280.jpg,23.8580207,120.9365494,254.86,2.12,5.41,300.16
281.jpg,23.8578951,120.9362980,256.4,1.18,9.53,299.37
282.jpg,23.8577863,120.9360452,254.79,2.97,3.85,301.61
283.jpg,23.8576876,120.9358142,260.73,-0.16,7.56,300.75
284.jpg,23.8575711,120.9355581,256.92,0.64,3.43,298.94
285.jpg,23.8574440,120.9353212,256.6,1.27,9.05,300.34
286.jpg,23.8573226,120.9350869,257.77,2.55,3.4,300.64
287.jpg,23.8571827,120.9348165,252.26,0.19,5.92,300.1
288.jpg,23.8570293,120.9345400,252.41,1.75,6.89,298.95
289.jpg,23.8569001,120.9342538,257.68,1.01,7.83,301.39
290.jpg,23.8567685,120.9339717,257.83,1.22,5.13,300.71
291.jpg,23.8566317,120.9336886,256.26,1.08,4.05,299.51
292.jpg,23.8565038,120.9334061,252.29,0.69,4.15,301.66
293.jpg,23.8564015,120.9331844,259.19,1.76,3.18,299.41
294.jpg,23.8562874,120.9329226,258.38,-0.01,6.9,298.88
295.jpg,23.8561661,120.9326814,256.19,0.61,6.8,299.91
296.jpg,23.8560046,120.9324725,235.8,-7.18,3.45,301.26
297.jpg,23.8557598,120.9324028,221.67,-2.88,3.18,301.8
298.jpg,23.8554775,120.9324089,211.24,0.81,2.22,301.55
299.jpg,23.8551907,120.9324540,208.08,1.1,2.66,300.39
300.jpg,23.8548844,120.9325113,213.03,1.11,2.52,301.84
301.jpg,23.8546098,120.9325650,216.87,1.46,0.25,303.07
302.jpg,23.8543359,120.9326127,214.7,0.65,-0.78,301.2
303.jpg,23.8540736,120.9326421,211.7,1.21,2.73,299.31
304.jpg,23.8538041,120.9326638,215.06,1.19,0.46,300.62
305.jpg,23.8535269,120.9327079,210.04,1.71,1.91,299.61
306.jpg,23.8532677,120.9327419,214.74,0.72,2.7,299.53
307.jpg,23.8529854,120.9327842,219.13,0.9,-1.04,301.12
308.jpg,23.8526855,120.9328233,220.02,3.94,1.99,299.12
309.jpg,23.8523746,120.9328522,212.74,2.27,2.87,297.28
310.jpg,23.8520563,120.9328762,208.02,1.23,3.59,298.38
311.jpg,23.8517999,120.9329018,209.33,0.57,3.86,299.43
312.jpg,23.8515333,120.9329354,206.36,-1.04,3.79,298.66
313.jpg,23.8512457,120.9329463,212.2,9.91,1.97,301.74
314.jpg,23.8510112,120.9328077,239.44,8.09,2.21,301.24
315.jpg,23.8508586,120.9325757,250.35,2.7,2.45,301.2
316.jpg,23.8507481,120.9322752,267.29,6.42,1.73,301.44
317.jpg,23.8507008,120.9319182,279.47,4.09,0.15,301.21
318.jpg,23.8506847,120.9315657,276.8,0.85,1.83,300.17
319.jpg,23.8506358,120.9312191,274.28,2.01,1.88,297.98
320.jpg,23.8505951,120.9308896,272.3,-0.29,3.04,299.45
321.jpg,23.8505362,120.9305396,270.58,2.48,2.74,298.49
322.jpg,23.8504740,120.9302003,269.98,0.35,4.65,298.8
323.jpg,23.8504272,120.9298925,271.98,2.24,4.51,299.93
324.jpg,23.8503687,120.9295941,272.49,1.5,1.63,300.37
325.jpg,23.8502925,120.9292486,267.62,1.09,1.17,298.99
326.jpg,23.8502164,120.9288964,266.1,-0.01,3.7,299.6
327.jpg,23.8501519,120.9285855,270.72,1.48,7.77,297.72
328.jpg,23.8500979,120.9282786,269.24,1.53,8.64,296.9
329.jpg,23.8500467,120.9279693,266.88,0.92,9.53,298.46
330.jpg,23.8499955,120.9276596,265.98,2.55,5.58,298.72
331.jpg,23.8499381,120.9273373,262.69,1.59,5.85,300.1
332.jpg,23.8499373,120.9269979,276.29,6.92,6.73,300.25
333.jpg,23.8500561,120.9266826,290.49,4.32,4.9,300.14
334.jpg,23.8502498,120.9263853,301.12,2.3,8.96,299.71
335.jpg,23.8504823,120.9261120,302.31,3.31,5.89,300.08
336.jpg,23.8507786,120.9258011,307.88,-0.53,4.57,301.46
337.jpg,23.8510263,120.9255373,309.15,1.75,5.44,301.04
338.jpg,23.8512743,120.9252810,305.26,0.47,2.96,301.26
339.jpg,23.8515629,120.9249653,306.16,1.63,3.03,300.9
340.jpg,23.8518388,120.9246728,303.93,0.35,2.78,300.52
341.jpg,23.8521128,120.9243655,303.09,1.21,1.9,300.13
342.jpg,23.8523445,120.9241055,303.53,-0.25,3.09,300.21
343.jpg,23.8525305,120.9237769,273.45,-2.62,3.95,299.94
344.jpg,23.8525493,120.9235097,265.5,-1.67,2.83,300.2
345.jpg,23.8525257,120.9232602,263.32,-1.39,2.17,299.92
346.jpg,23.8524762,120.9230128,261.6,-0.03,4.19,299.38
347.jpg,23.8524195,120.9227481,260.94,1.06,3.63,299.52
348.jpg,23.8523423,120.9224477,260.99,1.44,2.43,300.25
349.jpg,23.8522812,120.9221604,266.79,1.4,5.98,299.99
350.jpg,23.8522292,120.9218582,265.7,2.12,5.51,299.3
351.jpg,23.8521798,120.9215500,267.39,1.17,4.14,300.39
352.jpg,23.8521354,120.9212756,265.78,0.73,4.62,299.97
353.jpg,23.8520906,120.9210029,268.1,1.67,2.82,300.35
354.jpg,23.8520448,120.9206902,265.28,1.53,6.44,299.39
355.jpg,23.8520107,120.9204403,265.51,0.9,5.44,299.01
356.jpg,23.8519653,120.9201544,259.85,2.06,6.98,298.83
357.jpg,23.8519246,120.9199006,258.31,0.02,4.75,300.27
358.jpg,23.8518887,120.9196447,258.64,1.39,2.12,301.84
359.jpg,23.8518381,120.9193947,264.46,0.2,3.02,300.49
360.jpg,23.8517724,120.9191057,261.86,2.8,3.46,300.39
361.jpg,23.8517107,120.9188234,264.21,3.62,2.51,301.68
362.jpg,23.8516720,120.9185858,266.03,2.25,2.73,300.48
363.jpg,23.8516461,120.9183404,269.03,0.49,2.79,299.96
364.jpg,23.8516187,120.9180952,260.79,0.93,2.27,300.62
365.jpg,23.8515768,120.9178372,261.14,1.53,2.34,301.52
366.jpg,23.8515301,120.9175832,263.27,0.45,0.06,302.29
367.jpg,23.8514577,120.9172596,268.71,1.19,1.02,301.99
368.jpg,23.8513958,120.9169303,274.34,1.13,-2.87,301.55
369.jpg,23.8513453,120.9165800,272.65,1.33,2.2,299.05
370.jpg,23.8512990,120.9162873,270.87,1.06,1.89,299.61
371.jpg,23.8512529,120.9160002,266.64,-0.65,1.93,298.62
